31
81
181
256
131
156
231
206
106
207
132
82
232
182
56
460
157
32
257
107
205
80
30
180
255
130
105
2
55
777
474
785
5
789
208
230
440
183
133
775
33
258
779
250
25
773
466
83
158
774
787
21
1
4
12
155
461
175
7
200
75
100
16
188
791
233
50
473
482
446
434
346
6
186
211
8
456
88
606
38
213
263
37
29
214
481
471
57
494
15
500
228
79
254
177
202
784
189
58
13
178
212
76
101
26
176
201
251
28
39
264
89
626
229
788
443
108
480
113
87
112
187
262
20
36
86
111
261
114
253
78
51
19
479
566
366
475
64
63
452
61
486
62
227
52
335
27
252
77
102
373
129
154
586
553
220
35
210
260
85
546
124
128
153
489
174
607
149
469
24
249
491
225
340
185
222
395
199
40
215
265
90
646
137
162
386
