131
256
181
81
156
31
206
231
106
207
82
157
182
257
460
232
132
130
56
32
155
30
180
255
80
205
107
105
55
2
230
440
474
777
789
775
5
774
785
133
208
21
233
158
33
183
258
4
791
12
787
461
466
15
1
779
57
494
446
35
29
188
79
13
25
175
250
186
7
26
176
201
251
76
179
254
38
213
263
88
606
773
150
486
108
456
151
434
28
83
500
253
101
211
75
100
200
790
243
6
366
471
125
113
229
36
261
86
111
443
185
210
260
85
110
8
346
93
50
58
482
78
481
566
212
63
89
114
39
189
214
264
61
60
51
64
43
546
19
511
129
154
479
37
187
262
244
480
655
228
20
473
236
135
160
16
74
128
137
162
87
448
626
224
268
269
44
409
174
177
202
373
720
194
62
489
225
112
90
646
40
215
265
426
204
222
153
104
69
248
476
