31
181
256
156
131
81
206
231
106
207
82
132
157
182
56
460
232
257
30
32
155
205
130
180
255
107
80
105
230
2
440
55
474
775
785
789
777
466
787
5
33
12
461
774
21
7
158
133
15
25
175
250
791
200
75
100
779
4
83
434
186
188
1
211
183
258
233
38
88
213
263
606
29
471
79
13
50
185
254
113
773
36
261
86
566
8
346
85
546
35
210
260
6
89
114
39
189
214
264
141
166
443
57
456
110
177
202
446
482
473
229
60
28
91
46
271
790
480
253
494
784
64
626
111
58
108
208
63
201
244
16
61
129
154
486
245
652
76
101
26
176
251
500
227
366
224
481
20
373
52
94
489
51
44
269
225
340
37
