31
256
131
181
81
156
206
231
106
132
157
207
82
182
257
56
32
460
232
107
130
205
30
180
255
155
2
80
105
230
440
55
474
775
21
777
5
33
466
789
787
12
774
186
208
1
211
785
83
233
791
779
258
471
4
15
39
189
214
264
89
7
163
461
486
8
456
57
177
13
114
188
434
36
261
86
566
202
626
79
88
606
38
213
263
29
183
75
100
25
175
200
250
773
222
111
64
72
228
26
76
101
176
201
251
346
28
151
138
50
790
254
61
443
494
229
122
481
482
20
6
129
154
73
87
185
27
252
77
386
248
500
366
784
113
95
35
210
260
85
546
23
489
234
51
52
19
184
209
513
479
102
446
108
63
45
270
473
58
16
199
511
220
104
178
203
393
553
147
110
244
475
224
415
179
123
148
236
272
90
646
40
215
265
237
480
565
195
469
373
582
128
153
187
