156
256
206
31
131
181
81
231
106
207
82
56
157
182
257
460
232
132
32
180
30
107
205
130
255
80
2
105
230
55
155
440
474
777
775
5
789
466
183
461
158
774
787
33
258
785
21
233
1
83
12
791
208
76
26
176
201
251
471
129
773
188
7
6
779
16
79
443
15
38
213
263
88
606
179
75
346
25
200
250
486
101
494
29
366
228
13
86
254
8
481
479
28
248
189
4
20
434
37
51
19
113
446
175
57
229
89
626
39
214
264
185
222
63
511
203
100
212
172
788
784
35
210
260
85
546
114
36
186
211
261
111
64
500
473
482
123
148
60
110
50
61
44
269
122
147
566
425
178
393
253
415
87
112
187
262
104
456
94
245
58
452
108
62
219
244
137
162
154
547
73
177
202
373
52
78
243
