156
81
31
256
231
131
181
206
106
132
82
56
207
460
157
182
232
32
257
30
16
107
180
255
130
80
205
105
2
777
474
12
789
55
230
440
787
461
785
775
779
773
466
774
791
133
21
208
7
8
79
138
158
200
75
188
186
471
3
254
11
163
29
86
566
36
211
261
25
23
44
269
129
154
248
198
223
203
94
229
111
244
179
446
33
38
213
263
88
606
61
22
222
144
169
247
258
46
219
89
456
78
73
34
494
443
194
259
108
1
57
15
28
253
19
39
189
214
264
114
527
50
547
607
76
511
507
173
63
101
26
176
201
251
64
346
250
268
175
100
178
20
486
434
481
347
366
128
153
204
123
148
113
626
271
421
473
72
51
228
122
147
489
136
161
4
172
479
58
83
233
500
183
5
463
491
104
35
210
260
85
546
43
477
743
467
93
487
212
96
409
193
243
266
